101011
010
0100001
11011
00001
1111
11101
1001101
10011
101010
0100
011001
1011011
110011
1100
000
01100
01110
101
000010
1010
1010010
0100100
11010
1010000
1101110
00011
01111
10100
01010
1111000
001
0101111
11100
1110111
1100100
1011
000000
010000
11110
110001
110100
001111
011
0101000
000011
0001101
011011
101000
110010
111010
111001
110110
110
10111
0100010
10110
1001
10101
0110110
01000
1001000
111
0111111
011111
0000100
100001
11001
110101
0101101
1100000
1111010
0010
1100101
001110
011000
100000
110000
00000
1010100
000111
0001010
100
1011101
010001
10001
0110
1011100
0000110
0010111
000100
0001
0110011
011010
1110001
0110001
00100
1100011
0111010
0011000
